PWMs	D0_NSC	D4_Neu	D4_Ast	D4_OligD
pwms_0	0.05719373747706413	-0.01699540950357914	-0.00664039421826601	0.06295406073331833
pwms_1	0.08055063337087631	0.04560672491788864	-0.031402409076690674	-0.007975698448717594
pwms_2	0.0028994528111070395	0.07151015847921371	0.024758299812674522	0.007065564393997192
pwms_3	-0.03217853233218193	0.0547545850276947	-0.016934223473072052	-0.02063015289604664
pwms_4	0.008117678575217724	-0.003439494641497731	0.005699278321117163	0.010394219309091568
pwms_5	-0.05829941853880882	-0.04732085019350052	-0.03857991099357605	0.0008289748802781105
pwms_6	-0.08260587602853775	0.027523674070835114	-0.046115029603242874	0.03920454904437065
pwms_7	-0.054109252989292145	0.0840609073638916	0.06717709451913834	-0.07260138541460037
Bias	0.0	0.02012624591588974	0.0	0.0
