Enhancers	msk_48	msk_49	msk_50	msk_51	msk_52	msk_53	msk_54	msk_55	msk_56	msk_57	msk_58	msk_59	msk_60	msk_61	msk_62	msk_63
0	0.6799695983835553	0.6799695983835553	0.6799695983835553	0.6799695983835553	0.6799695983835553	0.6799695983835553	0.6799695983835553	0.6799695983835553	0.6799695983835553	0.6799695983835553	0.6799695983835553	0.6799695983835553	0.6799695983835553	0.6799695983835553	0.6799695983835553	0.6799695983835553
1	1.0172324460603799	1.0172324460603799	1.0172324460603799	1.0172324460603799	1.0172324460603799	1.0172324460603799	1.0172324460603799	1.0172324460603799	1.0172324460603799	1.0172324460603799	1.0172324460603799	1.0172324460603799	1.0172324460603799	1.0172324460603799	1.0172324460603799	1.0172324460603799
2	0.9854102880632468	0.9854102880632468	0.9854102880632468	0.9854102880632468	0.9854102880632468	0.9854102880632468	0.9854102880632468	0.9854102880632468	0.9854102880632468	0.9854102880632468	0.9854102880632468	0.9854102880632468	0.9854102880632468	0.9854102880632468	0.9854102880632468	0.9854102880632468
3	0.6535038762241374	0.6535038762241374	0.6535038762241374	0.6535038762241374	0.6535038762241374	0.6535038762241374	0.6535038762241374	0.6535038762241374	0.6535038762241374	0.6535038762241374	0.6535038762241374	0.6535038762241374	0.6535038762241374	0.6535038762241374	0.6535038762241374	0.6535038762241374
4	0.985750071815707	0.985750071815707	0.985750071815707	0.985750071815707	0.985750071815707	0.985750071815707	0.985750071815707	0.985750071815707	0.985750071815707	0.985750071815707	0.985750071815707	0.985750071815707	0.985750071815707	0.985750071815707	0.985750071815707	0.985750071815707
5	0.6565662593077156	0.6565662593077156	0.6565662593077156	0.6565662593077156	0.6565662593077156	0.6565662593077156	0.6565662593077156	0.6565662593077156	0.6565662593077156	0.6565662593077156	0.6565662593077156	0.6565662593077156	0.6565662593077156	0.6565662593077156	0.6565662593077156	0.6565662593077156
6	1.008181773069793	1.008181773069793	1.008181773069793	1.008181773069793	1.008181773069793	1.008181773069793	1.008181773069793	1.008181773069793	1.008181773069793	1.008181773069793	1.008181773069793	1.008181773069793	1.008181773069793	1.008181773069793	1.008181773069793	1.008181773069793
7	0.9827626154385051	0.9827626154385051	0.9827626154385051	0.9827626154385051	0.9827626154385051	0.9827626154385051	0.9827626154385051	0.9827626154385051	0.9827626154385051	0.9827626154385051	0.9827626154385051	0.9827626154385051	0.9827626154385051	0.9827626154385051	0.9827626154385051	0.9827626154385051
8	0.6587687854601472	0.6587687854601472	0.6587687854601472	0.6587687854601472	0.6587687854601472	0.6587687854601472	0.6587687854601472	0.6587687854601472	0.6587687854601472	0.6587687854601472	0.6587687854601472	0.6587687854601472	0.6587687854601472	0.6587687854601472	0.6587687854601472	0.6587687854601472
9	0.9841942102192865	0.9841942102192865	0.9841942102192865	0.9841942102192865	0.9841942102192865	0.9841942102192865	0.9841942102192865	0.9841942102192865	0.9841942102192865	0.9841942102192865	0.9841942102192865	0.9841942102192865	0.9841942102192865	0.9841942102192865	0.9841942102192865	0.9841942102192865
10	1.0169528693221983	1.0169528693221983	1.0169528693221983	1.0169528693221983	1.0169528693221983	1.0169528693221983	1.0169528693221983	1.0169528693221983	1.0169528693221983	1.0169528693221983	1.0169528693221983	1.0169528693221983	1.0169528693221983	1.0169528693221983	1.0169528693221983	1.0169528693221983
11	1.0106413407505463	1.0106413407505463	1.0106413407505463	1.0106413407505463	1.0106413407505463	1.0106413407505463	1.0106413407505463	1.0106413407505463	1.0106413407505463	1.0106413407505463	1.0106413407505463	1.0106413407505463	1.0106413407505463	1.0106413407505463	1.0106413407505463	1.0106413407505463
12	0.6567688039028535	0.6567688039028535	0.6567688039028535	0.6567688039028535	0.6567688039028535	0.6567688039028535	0.6567688039028535	0.6567688039028535	0.6567688039028535	0.6567688039028535	0.6567688039028535	0.6567688039028535	0.6567688039028535	0.6567688039028535	0.6567688039028535	0.6567688039028535
13	0.34002006757920483	0.34002006757920483	0.34002006757920483	0.34002006757920483	0.34002006757920483	0.34002006757920483	0.34002006757920483	0.34002006757920483	0.34002006757920483	0.34002006757920483	0.34002006757920483	0.34002006757920483	0.34002006757920483	0.34002006757920483	0.34002006757920483	0.34002006757920483
14	0.6579731050186762	0.6579731050186762	0.6579731050186762	0.6579731050186762	0.6579731050186762	0.6579731050186762	0.6579731050186762	0.6579731050186762	0.6579731050186762	0.6579731050186762	0.6579731050186762	0.6579731050186762	0.6579731050186762	0.6579731050186762	0.6579731050186762	0.6579731050186762
15	1.0149655995792786	1.0149655995792786	1.0149655995792786	1.0149655995792786	1.0149655995792786	1.0149655995792786	1.0149655995792786	1.0149655995792786	1.0149655995792786	1.0149655995792786	1.0149655995792786	1.0149655995792786	1.0149655995792786	1.0149655995792786	1.0149655995792786	1.0149655995792786
16	0.6715730879810029	0.6715730879810029	0.6715730879810029	0.6715730879810029	0.6715730879810029	0.6715730879810029	0.6715730879810029	0.6715730879810029	0.6715730879810029	0.6715730879810029	0.6715730879810029	0.6715730879810029	0.6715730879810029	0.6715730879810029	0.6715730879810029	0.6715730879810029
17	1.0179288127699349	1.0179288127699349	1.0179288127699349	1.0179288127699349	1.0179288127699349	1.0179288127699349	1.0179288127699349	1.0179288127699349	1.0179288127699349	1.0179288127699349	1.0179288127699349	1.0179288127699349	1.0179288127699349	1.0179288127699349	1.0179288127699349	1.0179288127699349
18	0.9913720388296908	0.9913720388296908	0.9913720388296908	0.9913720388296908	0.9913720388296908	0.9913720388296908	0.9913720388296908	0.9913720388296908	0.9913720388296908	0.9913720388296908	0.9913720388296908	0.9913720388296908	0.9913720388296908	0.9913720388296908	0.9913720388296908	0.9913720388296908
19	0.9801946603549537	0.9801946603549537	0.9801946603549537	0.9801946603549537	0.9801946603549537	0.9801946603549537	0.9801946603549537	0.9801946603549537	0.9801946603549537	0.9801946603549537	0.9801946603549537	0.9801946603549537	0.9801946603549537	0.9801946603549537	0.9801946603549537	0.9801946603549537
20	0.9870538623832005	0.9870538623832005	0.9870538623832005	0.9870538623832005	0.9870538623832005	0.9870538623832005	0.9870538623832005	0.9870538623832005	0.9870538623832005	0.9870538623832005	0.9870538623832005	0.9870538623832005	0.9870538623832005	0.9870538623832005	0.9870538623832005	0.9870538623832005
21	0.33196143223369695	0.33196143223369695	0.33196143223369695	0.33196143223369695	0.33196143223369695	0.33196143223369695	0.33196143223369695	0.33196143223369695	0.33196143223369695	0.33196143223369695	0.33196143223369695	0.33196143223369695	0.33196143223369695	0.33196143223369695	0.33196143223369695	0.33196143223369695
22	0.34004780633181503	0.34004780633181503	0.34004780633181503	0.34004780633181503	0.34004780633181503	0.34004780633181503	0.34004780633181503	0.34004780633181503	0.34004780633181503	0.34004780633181503	0.34004780633181503	0.34004780633181503	0.34004780633181503	0.34004780633181503	0.34004780633181503	0.34004780633181503
23	0.3268169560326156	0.3268169560326156	0.3268169560326156	0.3268169560326156	0.3268169560326156	0.3268169560326156	0.3268169560326156	0.3268169560326156	0.3268169560326156	0.3268169560326156	0.3268169560326156	0.3268169560326156	0.3268169560326156	0.3268169560326156	0.3268169560326156	0.3268169560326156
24	0.3331565223368176	0.3331565223368176	0.3331565223368176	0.3331565223368176	0.3331565223368176	0.3331565223368176	0.3331565223368176	0.3331565223368176	0.3331565223368176	0.3331565223368176	0.3331565223368176	0.3331565223368176	0.3331565223368176	0.3331565223368176	0.3331565223368176	0.3331565223368176
25	1.0200034353428102	1.0200034353428102	1.0200034353428102	1.0200034353428102	1.0200034353428102	1.0200034353428102	1.0200034353428102	1.0200034353428102	1.0200034353428102	1.0200034353428102	1.0200034353428102	1.0200034353428102	1.0200034353428102	1.0200034353428102	1.0200034353428102	1.0200034353428102
26	1.0079550551466137	1.0079550551466137	1.0079550551466137	1.0079550551466137	1.0079550551466137	1.0079550551466137	1.0079550551466137	1.0079550551466137	1.0079550551466137	1.0079550551466137	1.0079550551466137	1.0079550551466137	1.0079550551466137	1.0079550551466137	1.0079550551466137	1.0079550551466137
27	1.0131371236158315	1.0131371236158315	1.0131371236158315	1.0131371236158315	1.0131371236158315	1.0131371236158315	1.0131371236158315	1.0131371236158315	1.0131371236158315	1.0131371236158315	1.0131371236158315	1.0131371236158315	1.0131371236158315	1.0131371236158315	1.0131371236158315	1.0131371236158315
28	0.663637058161355	0.663637058161355	0.663637058161355	0.663637058161355	0.663637058161355	0.663637058161355	0.663637058161355	0.663637058161355	0.663637058161355	0.663637058161355	0.663637058161355	0.663637058161355	0.663637058161355	0.663637058161355	0.663637058161355	0.663637058161355
29	1.012570673283537	1.012570673283537	1.012570673283537	1.012570673283537	1.012570673283537	1.012570673283537	1.012570673283537	1.012570673283537	1.012570673283537	1.012570673283537	1.012570673283537	1.012570673283537	1.012570673283537	1.012570673283537	1.012570673283537	1.012570673283537
