MEME version 5.5.0

ALPHABET= ACGT

strands: + -

Background letter frequencies
A 0.25 C 0.25 G 0.25 T 0.25

MOTIF	pwms_0
letter-probability matrix: alength= 4 w= 8
0.05	0.44166666666666665	0.275	0.23333333333333334
0.0	0.9916666666666667	0.0	0.008333333333333333
0.058333333333333334	0.0	0.49166666666666664	0.45
0.0	0.0	0.05	0.95
0.4666666666666667	0.15	0.38333333333333336	0.0
0.575	0.06666666666666667	0.14166666666666666	0.21666666666666667
0.0	0.05	0.95	0.0
0.0	0.38333333333333336	0.18333333333333332	0.43333333333333335

MOTIF	pwms_1
letter-probability matrix: alength= 4 w= 8
1.0	0.0	0.0	0.0
0.5333333333333333	0.25833333333333336	0.08333333333333333	0.125
0.525	0.2916666666666667	0.0	0.18333333333333332
0.008333333333333333	0.9166666666666666	0.075	0.0
0.008333333333333333	0.9916666666666667	0.0	0.0
0.075	0.55	0.125	0.25
0.15833333333333333	0.3416666666666667	0.0	0.5
0.65	0.225	0.125	0.0

MOTIF	pwms_2
letter-probability matrix: alength= 4 w= 8
0.016666666666666666	0.1	0.19166666666666668	0.6916666666666667
0.0	0.14166666666666666	0.03333333333333333	0.825
0.175	0.09166666666666666	0.26666666666666666	0.4666666666666667
0.25	0.0	0.20833333333333334	0.5416666666666666
0.7	0.058333333333333334	0.18333333333333332	0.058333333333333334
0.8583333333333333	0.075	0.0	0.06666666666666667
0.7333333333333333	0.0	0.025	0.24166666666666667
0.0	0.0	0.975	0.025

MOTIF	pwms_3
letter-probability matrix: alength= 4 w= 8
0.0	0.9	0.1	0.0
0.0	0.8333333333333334	0.1	0.06666666666666667
0.15833333333333333	0.0	0.4166666666666667	0.425
0.175	0.041666666666666664	0.025	0.7583333333333333
0.0	0.0	0.9833333333333333	0.016666666666666666
0.18333333333333332	0.0	0.8166666666666667	0.0
0.21666666666666667	0.0	0.5583333333333333	0.225
0.075	0.6833333333333333	0.0	0.24166666666666667

MOTIF	pwms_4
letter-probability matrix: alength= 4 w= 8
0.08333333333333333	0.475	0.3416666666666667	0.1
0.0	1.0	0.0	0.0
0.175	0.0	0.0	0.825
0.3	0.0	0.0	0.7
0.25833333333333336	0.575	0.16666666666666666	0.0
0.8166666666666667	0.18333333333333332	0.0	0.0
0.6166666666666667	0.38333333333333336	0.0	0.0
0.0	0.325	0.20833333333333334	0.4666666666666667

MOTIF	pwms_5
letter-probability matrix: alength= 4 w= 8
0.0	0.9916666666666667	0.0	0.008333333333333333
0.0	0.0	0.0	1.0
0.0	0.15	0.85	0.0
0.175	0.7166666666666667	0.03333333333333333	0.075
0.65	0.0	0.30833333333333335	0.041666666666666664
0.31666666666666665	0.44166666666666665	0.24166666666666667	0.0
0.075	0.03333333333333333	0.2833333333333333	0.6083333333333333
0.5416666666666666	0.15833333333333333	0.21666666666666667	0.08333333333333333

MOTIF	pwms_6
letter-probability matrix: alength= 4 w= 8
0.8083333333333333	0.008333333333333333	0.03333333333333333	0.15
0.15833333333333333	0.3333333333333333	0.10833333333333334	0.4
0.4166666666666667	0.175	0.2833333333333333	0.125
0.9833333333333333	0.0	0.016666666666666666	0.0
0.3416666666666667	0.0	0.03333333333333333	0.625
0.375	0.575	0.025	0.025
0.5583333333333333	0.11666666666666667	0.25	0.075
0.025	0.9	0.0	0.075

MOTIF	pwms_7
letter-probability matrix: alength= 4 w= 8
0.10833333333333334	0.75	0.0	0.14166666666666666
0.45	0.0	0.0	0.55
0.0	1.0	0.0	0.0
0.0	0.6666666666666666	0.3333333333333333	0.0
0.9	0.08333333333333333	0.016666666666666666	0.0
0.175	0.30833333333333335	0.2916666666666667	0.225
0.0	1.0	0.0	0.0
0.2833333333333333	0.45	0.03333333333333333	0.23333333333333334

